number_of_patterns = 1

0       0       15.5581
0       1       15.5432
0       2       15.5184
0       3       15.4836
0       4       15.4388
0       5       15.384
0       6       15.3189
0       7       15.2436
0       8       15.158
0       9       15.0618
0       10      14.955
0       11      14.8373
0       12      14.7087
0       13      14.5688
0       14      14.4175
0       15      14.2545
0       16      14.0794
0       17      13.892
0       18      13.6919
0       19      13.4787
0       20      13.2519
0       21      13.011
0       22      12.7556
0       23      12.4849
0       24      12.1982
0       25      11.8948
0       26      11.5738
0       27      11.2342
0       28      10.8749
0       29      10.4946
0       30      10.0918
0       31      9.6648
0       32      9.2117
0       33      8.7303
0       34      8.2178
0       35      7.6711
0       36      7.0864
0       37      6.4592
0       38      5.7839
0       39      5.0536
0       40      4.2597
0       41      3.3909
0       42      2.4328
0       43      1.3654
0       44      0.1612
0       45      -1.22
0       46      -2.8399
0       47      -4.801
0       48      -7.2917
0       49      -10.7235
0       50      -16.3286
0       51      -35.37
0       52      -18.7417
0       53      -12.2116
0       54      -8.6009
0       55      -6.1163
0       56      -4.2352
0       57      -2.7319
0       58      -1.4882
0       59      -0.4345
0       60      0.4738
0       61      1.267
0       62      1.9665
0       63      2.5882
0       64      3.1439
0       65      3.6429
0       66      4.0926
0       67      4.4988
0       68      4.8664
0       69      5.1993
0       70      5.5008
0       71      5.7738
0       72      6.0206
0       73      6.2434
0       74      6.4438
0       75      6.6235
0       76      6.7838
0       77      6.9259
0       78      7.0509
0       79      7.1598
0       80      7.2534
0       81      7.3325
0       82      7.3979
0       83      7.4501
0       84      7.4898
0       85      7.5176
0       86      7.5339
0       87      7.5393
0       88      7.5342
0       89      7.5191
0       90      7.4944
0       91      7.4605
0       92      7.4178
0       93      7.3667
0       94      7.3075
0       95      7.2407
0       96      7.1666
0       97      7.0856
0       98      6.9981
0       99      6.9043
0       100     6.8047
0       101     6.6996
0       102     6.5894
0       103     6.4744
0       104     6.355
0       105     6.2315
0       106     6.1042
0       107     5.9734
0       108     5.8395
0       109     5.7028
0       110     5.5635
0       111     5.4218
0       112     5.2781
0       113     5.1325
0       114     4.9851
0       115     4.8362
0       116     4.6857
0       117     4.5338
0       118     4.3804
0       119     4.2256
0       120     4.0691
0       121     3.911
0       122     3.7509
0       123     3.5886
0       124     3.4239
0       125     3.2562
0       126     3.0852
0       127     2.9104
0       128     2.7312
0       129     2.547
0       130     2.3571
0       131     2.1607
0       132     1.9569
0       133     1.7451
0       134     1.524
0       135     1.2928
0       136     1.0502
0       137     0.7951
0       138     0.5262
0       139     0.2421
0       140     -0.0587
0       141     -0.378
0       142     -0.7174
0       143     -1.079
0       144     -1.465
0       145     -1.8779
0       146     -2.3204
0       147     -2.7956
0       148     -3.3073
0       149     -3.8596
0       150     -4.4575
0       151     -5.1071
0       152     -5.8155
0       153     -6.5918
0       154     -7.4474
0       155     -8.397
0       156     -9.4604
0       157     -10.6649
0       158     -12.0496
0       159     -13.6743
0       160     -15.6367
0       161     -18.1145
0       162     -21.4867
0       163     -26.8404
0       164     -41.8399
0       165     -31.123
0       166     -24.1548
0       167     -20.5064
0       168     -18.0822
0       169     -16.3089
0       170     -14.946
0       171     -13.8699
0       172     -13.0088
0       173     -12.3182
0       174     -11.7686
0       175     -11.3399
0       176     -11.0185
0       177     -10.7948
0       178     -10.6629
0       179     -10.6193
0       180     -10.6629
0       181     -10.7948
0       182     -11.0185
0       183     -11.3399
0       184     -11.7686
0       185     -12.3182
0       186     -13.0088
0       187     -13.8699
0       188     -14.946
0       189     -16.3089
0       190     -18.0822
0       191     -20.5064
0       192     -24.1548
0       193     -31.123
0       194     -41.8399
0       195     -26.8404
0       196     -21.4867
0       197     -18.1145
0       198     -15.6367
0       199     -13.6743
0       200     -12.0496
0       201     -10.6649
0       202     -9.4604
0       203     -8.397
0       204     -7.4474
0       205     -6.5918
0       206     -5.8155
0       207     -5.1071
0       208     -4.4575
0       209     -3.8596
0       210     -3.3073
0       211     -2.7956
0       212     -2.3204
0       213     -1.8779
0       214     -1.465
0       215     -1.079
0       216     -0.7174
0       217     -0.378
0       218     -0.0587
0       219     0.2421
0       220     0.5262
0       221     0.7951
0       222     1.0502
0       223     1.2928
0       224     1.524
0       225     1.7451
0       226     1.9569
0       227     2.1607
0       228     2.3571
0       229     2.547
0       230     2.7312
0       231     2.9104
0       232     3.0852
0       233     3.2562
0       234     3.4239
0       235     3.5886
0       236     3.7509
0       237     3.911
0       238     4.0691
0       239     4.2256
0       240     4.3804
0       241     4.5338
0       242     4.6857
0       243     4.8362
0       244     4.9851
0       245     5.1325
0       246     5.2781
0       247     5.4218
0       248     5.5635
0       249     5.7028
0       250     5.8395
0       251     5.9734
0       252     6.1042
0       253     6.2315
0       254     6.355
0       255     6.4744
0       256     6.5894
0       257     6.6996
0       258     6.8047
0       259     6.9043
0       260     6.9981
0       261     7.0856
0       262     7.1666
0       263     7.2407
0       264     7.3075
0       265     7.3667
0       266     7.4178
0       267     7.4605
0       268     7.4944
0       269     7.5191
0       270     7.5342
0       271     7.5393
0       272     7.5339
0       273     7.5176
0       274     7.4898
0       275     7.4501
0       276     7.3979
0       277     7.3325
0       278     7.2534
0       279     7.1598
0       280     7.0509
0       281     6.9259
0       282     6.7838
0       283     6.6235
0       284     6.4438
0       285     6.2434
0       286     6.0206
0       287     5.7738
0       288     5.5008
0       289     5.1993
0       290     4.8664
0       291     4.4988
0       292     4.0926
0       293     3.6429
0       294     3.1439
0       295     2.5882
0       296     1.9665
0       297     1.267
0       298     0.4738
0       299     -0.4345
0       300     -1.4882
0       301     -2.7319
0       302     -4.2352
0       303     -6.1163
0       304     -8.6009
0       305     -12.2116
0       306     -18.7417
0       307     -35.37
0       308     -16.3286
0       309     -10.7235
0       310     -7.2917
0       311     -4.801
0       312     -2.8399
0       313     -1.22
0       314     0.1612
0       315     1.3654
0       316     2.4328
0       317     3.3909
0       318     4.2597
0       319     5.0536
0       320     5.7839
0       321     6.4592
0       322     7.0864
0       323     7.6711
0       324     8.2178
0       325     8.7303
0       326     9.2117
0       327     9.6648
0       328     10.0918
0       329     10.4946
0       330     10.8749
0       331     11.2342
0       332     11.5738
0       333     11.8948
0       334     12.1982
0       335     12.4849
0       336     12.7556
0       337     13.011
0       338     13.2519
0       339     13.4787
0       340     13.6919
0       341     13.892
0       342     14.0794
0       343     14.2545
0       344     14.4175
0       345     14.5688
0       346     14.7087
0       347     14.8373
0       348     14.955
0       349     15.0618
0       350     15.158
0       351     15.2436
0       352     15.3189
0       353     15.384
0       354     15.4388
0       355     15.4836
0       356     15.5184
0       357     15.5432
0       358     15.5581
0       359     15.563